10056
10057
10059
10061
10062
40128
69825
10065
69795
10069
10106
63524
10079
10082
10083
10085
10090
10111
10112
10107
10108
10116
10225
65830
10227
10230
10232
10234
10235
10242
10252
10257
63478
10260
63479
10266
10267
63480
10273
11061
11069
11083
11093
11746
11760
11767
11787
63482
67042
63483
11797
11803
11816
11759
11772
11807
17178
17179
17182
17190
17191
17193
17195
17201
17202
17205
17206
17208
17210
17211
17215
17218
17221
17222
17225
17226
17233
17234
17238
17242
17244
17250
65712
17256
17257
17258
17266
17272
17277
17278
17280
17282
17283
17285
17289
17290
17293
17296
17302
17308
17311
64062
45233
17325
17326
19908
19910
19911
19919
19926
19928
19931
19932
47597
19937
19939
47602
19942
19950
19951
19955
19956
19957
47670
19964
19966
19967
19968
19970
19973
63728
19983
19984
19985
19991
19993
20007
19996
19998
20000
20002
20057
20008
20009
20010
20013
20019
20020
20021
20024
20026
20027
20032
20033
20037
47667
20046
20047
20051
20055
20056
20058
20062
20063
20064
20067
20068
20069
20077
20085
20089
20090
20092
20093
20094
20100
20101
20102
20105
68669
40854
11101
